world: world
x: 145.007157040956
y: 85.10549438297556
z: -113.41199887824463
yaw: -88.90728
pitch: 66.45706
name: overview
