lastAccountName: Heinz007
timestamps:
  login: 1523899651211
  lastteleport: 1523900651135
  logout: 1523906575651
ipAddress: 127.0.0.1
money: '200'
lastlocation:
  world: world
  x: 107.89088732578495
  y: 80.0
  z: -114.52314659122388
  yaw: -92.182556
  pitch: 4.4288735
afk: false
logoutlocation:
  world: world
  x: 141.23110606399524
  y: 35.0
  z: -101.42006359308195
  yaw: -65.60449
  pitch: -3.0017786
