lastAccountName: Heinz007
timestamps:
  login: 1524166000928
  lastteleport: 1524166005529
  logout: 1524170184166
ipAddress: 127.0.0.1
money: '200'
lastlocation:
  world: world
  x: 106.5
  y: 35.0
  z: -113.5
  yaw: -177.72989
  pitch: 58.12187
afk: false
logoutlocation:
  world: world
  x: 106.5
  y: 35.0
  z: -114.5
  yaw: -91.45465
  pitch: 22.441893
